0.0 0.0
31.0 0.0
60.0 0.0
85.0 0.0
106.0 0.0
120.0 0.0
126.0 0.0
126.0 0.0
117.0 0.0
102.0 0.0
81.0 0.0
54.0 0.0
25.0 0.0
-6.0 0.0
-37.0 0.0
-65.0 0.0
-90.0 0.0
-109.0 0.0
-122.0 0.0
-127.0 0.0
-125.0 0.0
-115.0 0.0
-98.0 0.0
-76.0 0.0
-49.0 0.0
-19.0 0.0
12.0 0.0
43.0 0.0
71.0 0.0
94.0 0.0
112.0 0.0
123.0 0.0
127.0 0.0
123.0 0.0
112.0 0.0
94.0 0.0
71.0 0.0
43.0 0.0
12.0 0.0
-19.0 0.0
-49.0 0.0
-76.0 0.0
-98.0 0.0
-115.0 0.0
-125.0 0.0
-127.0 0.0
-122.0 0.0
-109.0 0.0
-90.0 0.0
-65.0 0.0
-37.0 0.0
-6.0 0.0
25.0 0.0
54.0 0.0
81.0 0.0
102.0 0.0
117.0 0.0
126.0 0.0
126.0 0.0
120.0 0.0
106.0 0.0
85.0 0.0
60.0 0.0
31.0 0.0
0.0 0.0
-31.0 0.0
-60.0 0.0
-85.0 0.0
-106.0 0.0
-120.0 0.0
-126.0 0.0
-126.0 0.0
-117.0 0.0
-102.0 0.0
-81.0 0.0
-54.0 0.0
-25.0 0.0
6.0 0.0
37.0 0.0
65.0 0.0
90.0 0.0
109.0 0.0
122.0 0.0
127.0 0.0
125.0 0.0
115.0 0.0
98.0 0.0
76.0 0.0
49.0 0.0
19.0 0.0
-12.0 0.0
-43.0 0.0
-71.0 0.0
-94.0 0.0
-112.0 0.0
-123.0 0.0
-127.0 0.0
-123.0 0.0
-112.0 0.0
-94.0 0.0
-71.0 0.0
-43.0 0.0
-12.0 0.0
19.0 0.0
49.0 0.0
76.0 0.0
98.0 0.0
115.0 0.0
125.0 0.0
127.0 0.0
122.0 0.0
109.0 0.0
90.0 0.0
65.0 0.0
37.0 0.0
6.0 0.0
-25.0 0.0
-54.0 0.0
-81.0 0.0
-102.0 0.0
-117.0 0.0
-126.0 0.0
-126.0 0.0
-120.0 0.0
-106.0 0.0
-85.0 0.0
-60.0 0.0
-31.0 0.0
-0.0 0.0
31.0 0.0
60.0 0.0
85.0 0.0
106.0 0.0
120.0 0.0
126.0 0.0
126.0 0.0
117.0 0.0
102.0 0.0
81.0 0.0
54.0 0.0
25.0 0.0
-6.0 0.0
-37.0 0.0
-65.0 0.0
-90.0 0.0
-109.0 0.0
-122.0 0.0
-127.0 0.0
-125.0 0.0
-115.0 0.0
-98.0 0.0
-76.0 0.0
-49.0 0.0
-19.0 0.0
12.0 0.0
43.0 0.0
71.0 0.0
94.0 0.0
112.0 0.0
123.0 0.0
127.0 0.0
123.0 0.0
112.0 0.0
94.0 0.0
71.0 0.0
43.0 0.0
12.0 0.0
-19.0 0.0
-49.0 0.0
-76.0 0.0
-98.0 0.0
-115.0 0.0
-125.0 0.0
-127.0 0.0
-122.0 0.0
-109.0 0.0
-90.0 0.0
-65.0 0.0
-37.0 0.0
-6.0 0.0
25.0 0.0
54.0 0.0
81.0 0.0
102.0 0.0
117.0 0.0
126.0 0.0
126.0 0.0
120.0 0.0
106.0 0.0
85.0 0.0
60.0 0.0
31.0 0.0
0.0 0.0
-31.0 0.0
-60.0 0.0
-85.0 0.0
-106.0 0.0
-120.0 0.0
-126.0 0.0
-126.0 0.0
-117.0 0.0
-102.0 0.0
-81.0 0.0
-54.0 0.0
-25.0 0.0
6.0 0.0
37.0 0.0
65.0 0.0
90.0 0.0
109.0 0.0
122.0 0.0
127.0 0.0
125.0 0.0
115.0 0.0
98.0 0.0
76.0 0.0
49.0 0.0
19.0 0.0
-12.0 0.0
-43.0 0.0
-71.0 0.0
-94.0 0.0
-112.0 0.0
-123.0 0.0
-127.0 0.0
-123.0 0.0
-112.0 0.0
-94.0 0.0
-71.0 0.0
-43.0 0.0
-12.0 0.0
19.0 0.0
49.0 0.0
76.0 0.0
98.0 0.0
115.0 0.0
125.0 0.0
127.0 0.0
122.0 0.0
109.0 0.0
90.0 0.0
65.0 0.0
37.0 0.0
6.0 0.0
-25.0 0.0
-54.0 0.0
-81.0 0.0
-102.0 0.0
-117.0 0.0
-126.0 0.0
-126.0 0.0
-120.0 0.0
-106.0 0.0
-85.0 0.0
-60.0 0.0
-31.0 0.0
0.0 0.0
