0 0
31 0
60 0
85 0
106 0
120 0
126 0
126 0
117 0
102 0
81 0
54 0
25 0
-6 0
-37 0
-65 0
-90 0
-109 0
-122 0
-127 0
-125 0
-115 0
-98 0
-76 0
-49 0
-19 0
12 0
43 0
71 0
94 0
112 0
123 0
127 0
123 0
112 0
94 0
71 0
43 0
12 0
-19 0
-49 0
-76 0
-98 0
-115 0
-125 0
-127 0
-122 0
-109 0
-90 0
-65 0
-37 0
-6 0
25 0
54 0
81 0
102 0
117 0
126 0
126 0
120 0
106 0
85 0
60 0
31 0
0 0
-31 0
-60 0
-85 0
-106 0
-120 0
-126 0
-126 0
-117 0
-102 0
-81 0
-54 0
-25 0
6 0
37 0
65 0
90 0
109 0
122 0
127 0
125 0
115 0
98 0
76 0
49 0
19 0
-12 0
-43 0
-71 0
-94 0
-112 0
-123 0
-127 0
-123 0
-112 0
-94 0
-71 0
-43 0
-12 0
19 0
49 0
76 0
98 0
115 0
125 0
127 0
122 0
109 0
90 0
65 0
37 0
6 0
-25 0
-54 0
-81 0
-102 0
-117 0
-126 0
-126 0
-120 0
-106 0
-85 0
-60 0
-31 0
-0 0
31 0
60 0
85 0
106 0
120 0
126 0
126 0
117 0
102 0
81 0
54 0
25 0
-6 0
-37 0
-65 0
-90 0
-109 0
-122 0
-127 0
-125 0
-115 0
-98 0
-76 0
-49 0
-19 0
12 0
43 0
71 0
94 0
112 0
123 0
127 0
123 0
112 0
94 0
71 0
43 0
12 0
-19 0
-49 0
-76 0
-98 0
-115 0
-125 0
-127 0
-122 0
-109 0
-90 0
-65 0
-37 0
-6 0
25 0
54 0
81 0
102 0
117 0
126 0
126 0
120 0
106 0
85 0
60 0
31 0
0 0
-31 0
-60 0
-85 0
-106 0
-120 0
-126 0
-126 0
-117 0
-102 0
-81 0
-54 0
-25 0
6 0
37 0
65 0
90 0
109 0
122 0
127 0
125 0
115 0
98 0
76 0
49 0
19 0
-12 0
-43 0
-71 0
-94 0
-112 0
-123 0
-127 0
-123 0
-112 0
-94 0
-71 0
-43 0
-12 0
19 0
49 0
76 0
98 0
115 0
125 0
127 0
122 0
109 0
90 0
65 0
37 0
6 0
-25 0
-54 0
-81 0
-102 0
-117 0
-126 0
-126 0
-120 0
-106 0
-85 0
-60 0
-31 0
0 0
